Round: 1, Score: 0.08454853
Round: 2, Score: 0.04449449
Round: 3, Score: 0.1386609
